3 0.459379 0.0702757 -148.402 544.529 523.917 3 2 0
9 77.7977 -74.8476 5.0355 110.985 25.251 3 2 2
11 -61.9144 -18.4596 122.879 141.431 26.6755 3 1 0
13 -29.7131 -12.4025 45.267 57.127 13.3305 11 2 0
15 -24.6575 -12.5511 35.3178 45.966 10.0001 13 2 0
20 -32.2013 -6.0571 77.6119 84.3038 2.8186 11 1 0
21 62.6237 -64.9271 4.1469 90.6566 8.0103 9 2 2
23 -15.4239 93.3775 -276.317 292.114 4.3808 3 1 1
25 34.5495 -37.2732 4.7825 51.2415 3.9561 21 1 2
29 15.174 -9.9204 0.8886 20.3281 9.153 9 2 2
34 2.7946 -0.5134 -0.7421 4.6948 3.6629 29 2 2
60 28.0742 -27.654 -0.6355 39.4151 0 21 1 2
61 -12.4519 75.7915 -218.372 231.486 0 23 1 1
62 -3.3179 -0.1949 10.139 10.6749 0 20 1 0
63 -7.015 -0.1905 13.3836 15.186 0 15 1 0
64 -5.0556 0.1486 9.9493 11.161 0 13 2 0
65 -17.6425 -12.3606 21.9342 30.7799 0 15 1 0
66 12.3794 -9.407 1.6307 15.6333 0 29 2 2
67 25.9846 -30.607 4.214 40.3732 0 25 1 2
68 -2.9721 17.586 -57.945 60.6277 0 23 2 1
69 8.5649 -6.6662 0.5685 10.8683 0 25 2 2
70 0.6169 0.5772 -1.8389 2.0237 0 34 2 2
71 2.1777 -1.0906 1.0968 2.6711 0 34 2 2
72 -28.8834 -5.8623 67.4729 73.6289 0 20 2 0
73 -0.2761 0.0703 -67.4586 67.4592 0 3 2 0
JETS
0
4 105.598
0 0.104758 5.41629 40.1496 40.3732
1 -0.0161247 5.50533 39.4069 39.4151
2 0.10469 5.63338 15.548 15.6333
3 0.0523559 5.62181 10.8534 10.8683
1
2 94.6428
0 -1.76762 1.73363 76.8076 231.486
1 -1.89434 1.73822 17.8354 60.6277
2
3 41.3774
0 1.56603 3.34184 29.4723 73.6289
1 1.38161 3.16874 7.01759 15.186
2 1.42883 3.11221 5.05778 11.161
END