3 0.459379 0.0702757 -148.402 544.529 0.459379 0.0702757 -148.402 544.529 2
9 77.7977 -74.8476 5.0355 110.985 77.7977 -74.8476 5.0355 110.985 2
11 -61.9144 -18.4596 122.879 141.431 -61.9144 -18.4596 122.879 141.431 1
13 -29.7131 -12.4025 45.267 57.127 -29.7131 -12.4025 45.267 57.127 2
15 -24.6575 -12.5511 35.3178 45.966 -24.6575 -12.5511 35.3178 45.966 2
20 -32.2013 -6.0571 77.6119 84.3038 -26.5073 -4.98605 63.8882 69.3968 1
21 62.6237 -64.9271 4.1469 90.6566 62.6205 -64.9238 4.14669 90.652 2
23 -15.4239 93.3775 -276.317 292.114 -13.8263 83.7057 -247.697 261.858 1
25 34.5495 -37.2732 4.7825 51.2415 32.6277 -35.1999 4.51648 48.3912 1
29 15.174 -9.9204 0.8886 20.3281 15.174 -9.9204 0.8886 20.3281 2
34 2.7946 -0.5134 -0.7421 4.6948 2.7946 -0.5134 -0.7421 4.6948 2
60 28.0742 -27.654 -0.6355 39.4151 18.0133 -17.7437 -0.407757 25.29 1
61 -12.4519 75.7915 -218.372 231.486 -7.60419 46.2848 -133.357 141.365 1
62 -3.3179 -0.1949 10.139 10.6749 -0 -0 0 0 1
63 -7.015 -0.1905 13.3836 15.186 -0 -0 0 0 1
64 -5.0556 0.1486 9.9493 11.161 -0 0 0 0 2
65 -17.6425 -12.3606 21.9342 30.7799 -0.825489 -0.57835 1.0263 1.44019 1
66 12.3794 -9.407 1.6307 15.6333 0 -0 0 0 2
67 25.9846 -30.607 4.214 40.3732 20.2178 -23.8143 3.27878 31.4131 1
68 -2.9721 17.586 -57.945 60.6277 -0 0 -0 0 2
69 8.5649 -6.6662 0.5685 10.8683 0 -0 0 0 2
70 0.6169 0.5772 -1.8389 2.0237 0 0 -0 0 2
71 2.1777 -1.0906 1.0968 2.6711 0 -0 0 0 2
72 -28.8834 -5.8623 67.4729 73.6289 -0 -0 0 0 2
73 -0.2761 0.0703 -67.4586 67.4592 -0 0 -0 0 2
