3 0.459379 0.0702757 -148.402 544.529 0.459379 0.0702757 -148.402 544.529 2
9 77.7977 -74.8476 5.0355 110.985 77.7977 -74.8476 5.0355 110.985 2
11 -61.9144 -18.4596 122.879 141.431 -61.9144 -18.4596 122.879 141.431 1
13 -29.7131 -12.4025 45.267 57.127 -29.7131 -12.4025 45.267 57.127 2
15 -24.6575 -12.5511 35.3178 45.966 -24.6575 -12.5511 35.3178 45.966 2
20 -32.2013 -6.0571 77.6119 84.3038 -23.7987 -4.47657 57.36 62.3057 1
21 62.6237 -64.9271 4.1469 90.6566 62.6237 -64.9271 4.1469 90.6565 2
23 -15.4239 93.3775 -276.317 292.114 -12.1686 73.6694 -217.998 230.461 1
25 34.5495 -37.2732 4.7825 51.2415 33.4851 -36.1249 4.63516 49.6628 1
29 15.174 -9.9204 0.8886 20.3281 15.174 -9.9204 0.8886 20.3281 2
34 2.7946 -0.5134 -0.7421 4.6948 2.7946 -0.5134 -0.7421 4.6948 2
60 28.0742 -27.654 -0.6355 39.4151 12.6336 -12.4445 -0.28598 17.7371 1
61 -12.4519 75.7915 -218.372 231.486 -0 0 -0 0 1
62 -3.3179 -0.1949 10.139 10.6749 -0 -0 0 0 1
63 -7.015 -0.1905 13.3836 15.186 -0 -0 0 0 1
64 -5.0556 0.1486 9.9493 11.161 -0 0 0 0 2
65 -17.6425 -12.3606 21.9342 30.7799 -0 -0 0 0 1
66 12.3794 -9.407 1.6307 15.6333 0 -0 0 0 2
67 25.9846 -30.607 4.214 40.3732 20.7501 -24.4413 3.3651 32.2401 1
68 -2.9721 17.586 -57.945 60.6277 -0 0 -0 0 2
69 8.5649 -6.6662 0.5685 10.8683 0 -0 0 0 2
70 0.6169 0.5772 -1.8389 2.0237 0 0 -0 0 2
71 2.1777 -1.0906 1.0968 2.6711 0 -0 0 0 2
72 -28.8834 -5.8623 67.4729 73.6289 -0 -0 0 0 2
73 -0.2761 0.0703 -67.4586 67.4592 -0 0 -0 0 2
